512 1005 0
512 1022 0
513 1034 0
515 1048 0
517 1064 0
518 1079 0
520 1091 0
523 1105 0
526 1119 0
529 1131 0
531 1145 0
536 1157 0
541 1169 0
547 1180 0
553 1191 0
559 1202 0
565 1214 0
572 1225 0
579 1237 0
588 1248 0
596 1259 0
607 1272 0
617 1284 0
627 1294 0
638 1303 0
648 1312 0
659 1320 0
669 1328 0
680 1335 0
691 1342 0
701 1349 0
712 1355 0
723 1360 0
734 1365 0
745 1370 0
756 1375 0
766 1380 0
777 1384 0
788 1387 0
799 1390 0
810 1393 0
822 1397 0
833 1400 0
843 1404 0
855 1407 0
866 1409 0
877 1411 0
888 1413 0
899 1415 0
910 1417 0
921 1419 0
932 1422 0
944 1424 0
955 1426 0
966 1428 0
977 1429 0
988 1431 0
1000 1432 0
1011 1434 0
1022 1436 0
1033 1438 0
1044 1441 0
1055 1442 0
1066 1443 0
1078 1445 0
1089 1447 0
1100 1449 0
1111 1450 0
1122 1452 0
1133 1454 0
1145 1455 0
1156 1457 0
1167 1458 0
1178 1459 0
1190 1460 0
1201 1461 0
1212 1461 0
1223 1462 0
1235 1462 0
1246 1463 0
1257 1463 0
1269 1462 0
1280 1462 0
1291 1462 0
1303 1463 0
1314 1464 0
1325 1465 0
1336 1466 0
1348 1468 0
1359 1468 0
1370 1468 0
1382 1468 0
1393 1468 0
1404 1468 0
1416 1467 0
1427 1467 0
1438 1468 0
1450 1468 0
1461 1468 0
1472 1468 0
1484 1467 0
1495 1467 0
1507 1466 0
1518 1465 0
1529 1465 0
1541 1464 0
1552 1463 0
1564 1461 0
1575 1460 0
1586 1460 0
1598 1459 0
1609 1458 0
1621 1458 0
1632 1459 0
1643 1459 0
1655 1458 0
1666 1457 0
1678 1455 0
1689 1454 0
1701 1453 0
1712 1452 0
1723 1451 0
1735 1450 0
1746 1449 0
1758 1447 0
1769 1445 0
1781 1443 0
1792 1441 0
1804 1439 0
1815 1437 0
1827 1435 0
1839 1433 0
1850 1431 0
1862 1429 0
1873 1426 0
1885 1424 0
1896 1422 0
1908 1420 0
1919 1418 0
1931 1416 0
1942 1414 0
1954 1410 0
1966 1407 0
1977 1404 0
1989 1401 0
2001 1398 0
2012 1395 0
2024 1392 0
2036 1388 0
2047 1385 0
2059 1381 0
2071 1377 0
2082 1374 0
2094 1370 0
2106 1366 0
2118 1361 0
2129 1357 0
2141 1353 0
2153 1348 0
2165 1343 0
2177 1337 0
2188 1332 0
2200 1327 0
2212 1321 0
2224 1316 0
2236 1311 0
2248 1305 0
2260 1300 0
2272 1294 0
2284 1287 0
2296 1279 0
2308 1271 0
2320 1263 0
2332 1255 0
2344 1247 0
2356 1239 0
2368 1230 0
2381 1220 0
2390 1208 0
2400 1198 0
2411 1187 0
2421 1176 0
2431 1165 0
2440 1154 0
2449 1143 0
2457 1131 0
2464 1120 0
2471 1108 0
2479 1096 0
2486 1084 0
2493 1072 0
2501 1061 0
2505 1048 0
2510 1037 0
2514 1021 0
2516 1006 0
2520 993 0
2521 982 0
2522 971 0
2523 954 0
2523 934 0
2523 919 0
2521 907 0
2521 893 0
2519 878 0
2517 864 0
2513 851 0
2511 838 0
2508 825 0
2505 813 0
2499 800 0
2493 789 0
2487 777 0
2482 764 0
2475 753 0
2469 740 0
2462 728 0
2454 715 0
2444 706 0
2433 695 0
2423 682 0
2413 674 0
2402 665 0
2392 657 0
2381 649 0
2371 641 0
2360 633 0
2349 626 0
2339 619 0
2328 612 0
2317 607 0
2306 601 0
2296 595 0
2285 589 0
2274 583 0
2263 578 0
2252 573 0
2242 568 0
2231 563 0
2220 558 0
2209 554 0
2198 549 0
2187 547 0
2176 543 0
2165 539 0
2154 537 0
2143 534 0
2132 531 0
2121 528 0
2110 525 0
2099 523 0
2088 520 0
2076 517 0
2065 515 0
2054 513 0
2043 510 0
2032 508 0
2021 507 0
2010 505 0
1998 504 0
1987 502 0
1976 501 0
1965 499 0
1954 497 0
1942 496 0
1931 494 0
1920 493 0
1909 493 0
1897 492 0
1886 493 0
1875 493 0
1863 492 0
1852 491 0
1841 491 0
1830 490 0
1818 489 0
1807 488 0
1796 487 0
1785 487 0
1773 486 0
1762 486 0
1751 486 0
1739 487 0
1728 486 0
1717 486 0
1705 486 0
1694 486 0
1683 485 0
1671 486 0
1660 486 0
1648 487 0
1637 487 0
1626 488 0
1614 489 0
1603 490 0
1591 491 0
1580 491 0
1569 493 0
1557 494 0
1546 494 0
1534 495 0
1523 496 0
1511 496 0
1500 497 0
1489 497 0
1477 498 0
1466 499 0
1454 500 0
1443 501 0
1431 503 0
1420 505 0
1408 507 0
1397 508 0
1386 509 0
1374 511 0
1363 512 0
1351 513 0
1340 515 0
1328 517 0
1317 519 0
1305 520 0
1294 521 0
1282 524 0
1271 526 0
1259 528 0
1248 529 0
1236 530 0
1225 532 0
1213 534 0
1202 535 0
1190 537 0
1178 540 0
1167 542 0
1155 544 0
1144 546 0
1132 549 0
1121 551 0
1109 554 0
1098 556 0
1086 558 0
1074 560 0
1063 563 0
1051 567 0
1040 570 0
1028 572 0
1016 575 0
1005 579 0
993 582 0
981 584 0
970 586 0
958 589 0
947 592 0
935 596 0
923 601 0
911 606 0
899 611 0
888 615 0
876 620 0
864 625 0
852 629 0
841 632 0
829 636 0
817 641 0
805 646 0
793 653 0
781 659 0
769 666 0
757 674 0
745 684 0
733 693 0
724 702 0
715 713 0
708 723 0
696 734 0
684 741 0
672 748 0
660 755 0
648 760 0
636 765 0
624 770 0
612 777 0
600 786 0
588 794 0
578 803 0
570 813 0
562 823 0
555 835 0
547 848 0
541 860 0
536 873 0
533 884 0
530 896 0
526 909 0
523 921 0
521 932 0
520 947 0
516 962 0
515 976 0
513 988 0
570 995 5
571 979 5
572 966 5
576 954 5
581 940 5
585 925 5
589 911 5
596 899 5
604 885 5
611 874 5
618 863 5
627 852 5
635 841 5
644 832 5
656 823 5
663 814 5
674 807 5
687 797 5
695 790 5
705 784 5
717 777 5
729 771 5
741 765 5
753 759 5
765 754 5
777 747 5
789 742 5
801 737 5
813 732 5
824 728 5
836 725 5
848 721 5
859 718 5
871 714 5
883 711 5
894 708 5
906 705 5
917 702 5
929 699 5
941 696 5
952 694 5
964 691 5
976 687 5
987 683 5
999 680 5
1011 677 5
1022 674 5
1034 671 5
1045 669 5
1057 666 5
1069 663 5
1080 659 5
1092 656 5
1104 653 5
1115 651 5
1127 649 5
1138 647 5
1150 645 5
1161 642 5
1173 641 5
1184 639 5
1196 637 5
1207 634 5
1219 632 5
1231 630 5
1242 628 5
1254 626 5
1265 623 5
1277 621 5
1288 620 5
1300 618 5
1311 617 5
1323 615 5
1334 612 5
1346 611 5
1357 609 5
1369 608 5
1380 607 5
1392 604 5
1403 602 5
1415 600 5
1426 599 5
1438 598 5
1449 596 5
1461 595 5
1472 594 5
1484 591 5
1495 589 5
1507 587 5
1518 586 5
1530 584 5
1541 583 5
1553 583 5
1564 582 5
1575 581 5
1587 579 5
1598 578 5
1610 578 5
1621 577 5
1633 576 5
1644 575 5
1655 576 5
1667 576 5
1678 575 5
1689 575 5
1701 574 5
1712 574 5
1724 573 5
1735 573 5
1746 572 5
1758 572 5
1769 571 5
1781 571 5
1792 572 5
1803 572 5
1814 573 5
1826 573 5
1837 573 5
1848 574 5
1860 574 5
1871 576 5
1882 577 5
1893 578 5
1904 579 5
1916 580 5
1927 581 5
1938 582 5
1950 582 5
1961 583 5
1972 584 5
1983 586 5
1994 588 5
2005 590 5
2017 592 5
2028 595 5
2039 600 5
2050 603 5
2061 607 5
2071 611 5
2082 616 5
2093 620 5
2104 623 5
2115 628 5
2126 632 5
2137 638 5
2148 645 5
2158 650 5
2169 655 5
2180 661 5
2191 669 5
2201 677 5
2212 684 5
2222 694 5
2233 703 5
2243 714 5
2254 723 5
2263 737 5
2274 748 5
2283 757 5
2291 769 5
2299 780 5
2307 793 5
2314 806 5
2320 819 5
2326 831 5
2331 843 5
2334 855 5
2338 867 5
2343 880 5
2347 892 5
2349 904 5
2350 915 5
2350 929 5
2351 945 5
2350 960 5
2348 973 5
2345 985 5
2341 997 5
2335 1009 5
2332 1020 5
2326 1032 5
2320 1043 5
2314 1054 5
2307 1066 5
2299 1077 5
2290 1089 5
2282 1100 5
2275 1111 5
2266 1123 5
2257 1134 5
2247 1144 5
2241 1153 5
2228 1164 5
2216 1174 5
2204 1184 5
2191 1194 5
2179 1204 5
2167 1212 5
2155 1219 5
2143 1226 5
2131 1232 5
2119 1239 5
2107 1246 5
2095 1253 5
2083 1259 5
2071 1265 5
2059 1270 5
2048 1275 5
2036 1280 5
2024 1285 5
2012 1289 5
2000 1293 5
1989 1296 5
1977 1300 5
1965 1303 5
1954 1306 5
1942 1309 5
1931 1312 5
1919 1315 5
1907 1319 5
1896 1323 5
1884 1327 5
1872 1329 5
1861 1330 5
1849 1332 5
1838 1334 5
1826 1337 5
1815 1340 5
1803 1343 5
1791 1345 5
1780 1347 5
1768 1348 5
1757 1350 5
1745 1351 5
1734 1352 5
1722 1353 5
1711 1354 5
1700 1356 5
1688 1357 5
1677 1359 5
1665 1360 5
1654 1360 5
1642 1361 5
1631 1361 5
1620 1362 5
1608 1363 5
1597 1364 5
1585 1365 5
1574 1366 5
1562 1366 5
1551 1366 5
1540 1367 5
1528 1368 5
1517 1368 5
1506 1369 5
1494 1369 5
1483 1369 5
1471 1370 5
1460 1370 5
1449 1370 5
1437 1370 5
1426 1370 5
1415 1369 5
1404 1368 5
1392 1367 5
1381 1366 5
1370 1366 5
1359 1365 5
1347 1365 5
1336 1364 5
1325 1363 5
1313 1362 5
1302 1360 5
1291 1359 5
1280 1358 5
1269 1358 5
1257 1357 5
1246 1357 5
1235 1356 5
1223 1355 5
1212 1354 5
1201 1353 5
1190 1353 5
1178 1351 5
1167 1350 5
1156 1349 5
1145 1347 5
1134 1345 5
1123 1343 5
1111 1341 5
1100 1338 5
1089 1336 5
1078 1334 5
1067 1332 5
1056 1328 5
1045 1324 5
1034 1320 5
1023 1317 5
1012 1313 5
1001 1310 5
990 1307 5
979 1304 5
968 1302 5
957 1300 5
945 1299 5
934 1298 5
923 1296 5
912 1294 5
901 1292 5
889 1290 5
878 1288 5
867 1286 5
856 1283 5
845 1280 5
834 1277 5
823 1274 5
812 1272 5
801 1269 5
790 1267 5
779 1265 5
768 1262 5
757 1258 5
746 1254 5
735 1249 5
724 1245 5
713 1241 5
702 1236 5
691 1229 5
681 1222 5
670 1214 5
660 1205 5
649 1194 5
641 1182 5
632 1171 5
625 1160 5
618 1149 5
611 1137 5
603 1126 5
596 1115 5
591 1104 5
586 1091 5
582 1079 5
579 1065 5
576 1052 5
573 1039 5
571 1026 5
571 1014 5
763 946 10
763 962 10
767 974 10
772 987 10
778 998 10
783 1009 10
790 1021 10
798 1032 10
806 1043 10
814 1055 10
822 1067 10
830 1078 10
839 1090 10
849 1101 10
857 1113 10
868 1127 10
878 1137 10
889 1148 10
899 1158 10
910 1166 10
920 1173 10
931 1179 10
942 1185 10
953 1191 10
963 1197 10
974 1202 10
985 1208 10
996 1213 10
1007 1217 10
1018 1220 10
1029 1224 10
1040 1227 10
1051 1231 10
1062 1235 10
1073 1238 10
1084 1241 10
1095 1244 10
1106 1246 10
1117 1249 10
1128 1251 10
1139 1254 10
1151 1256 10
1162 1258 10
1173 1260 10
1184 1261 10
1195 1263 10
1206 1265 10
1218 1267 10
1229 1268 10
1240 1269 10
1251 1269 10
1263 1269 10
1274 1270 10
1285 1271 10
1296 1272 10
1308 1273 10
1319 1275 10
1330 1276 10
1341 1276 10
1353 1277 10
1364 1278 10
1375 1279 10
1386 1279 10
1398 1280 10
1409 1281 10
1420 1281 10
1431 1282 10
1443 1283 10
1454 1283 10
1465 1282 10
1477 1282 10
1488 1281 10
1500 1279 10
1511 1278 10
1523 1276 10
1534 1275 10
1546 1274 10
1557 1272 10
1569 1271 10
1580 1270 10
1592 1268 10
1603 1267 10
1615 1265 10
1626 1264 10
1637 1262 10
1649 1260 10
1661 1259 10
1672 1257 10
1684 1255 10
1695 1252 10
1707 1250 10
1718 1247 10
1730 1245 10
1741 1243 10
1753 1240 10
1765 1237 10
1776 1235 10
1788 1231 10
1800 1228 10
1811 1225 10
1823 1222 10
1834 1219 10
1846 1216 10
1858 1212 10
1869 1208 10
1881 1204 10
1893 1200 10
1905 1195 10
1917 1191 10
1928 1186 10
1940 1181 10
1952 1176 10
1964 1171 10
1976 1166 10
1987 1162 10
1999 1156 10
2011 1150 10
2023 1144 10
2035 1138 10
2047 1131 10
2059 1124 10
2071 1115 10
2083 1107 10
2095 1099 10
2108 1092 10
2120 1084 10
2132 1075 10
2144 1065 10
2156 1054 10
2164 1044 10
2174 1034 10
2183 1021 10
2190 1008 10
2198 996 10
2202 983 10
2207 974 10
2210 965 10
2208 956 10
2207 945 10
2203 933 10
2198 920 10
2190 907 10
2181 898 10
2171 888 10
2160 878 10
2150 868 10
2139 854 10
2132 843 10
2121 835 10
2111 825 10
2100 816 10
2090 806 10
2079 795 10
2069 785 10
2059 776 10
2048 767 10
2038 759 10
2027 751 10
2016 743 10
2006 736 10
1995 729 10
1984 724 10
1974 717 10
1963 711 10
1952 706 10
1941 702 10
1930 698 10
1919 695 10
1908 692 10
1897 689 10
1886 687 10
1875 685 10
1863 683 10
1852 681 10
1841 679 10
1830 678 10
1819 676 10
1808 674 10
1796 673 10
1785 672 10
1774 670 10
1763 669 10
1752 668 10
1740 667 10
1729 666 10
1718 666 10
1706 666 10
1695 666 10
1684 665 10
1672 665 10
1661 665 10
1650 665 10
1638 665 10
1627 665 10
1616 665 10
1604 666 10
1593 668 10
1581 670 10
1570 671 10
1558 673 10
1547 675 10
1535 676 10
1524 678 10
1512 679 10
1501 681 10
1489 684 10
1478 686 10
1466 688 10
1455 690 10
1443 692 10
1432 694 10
1420 697 10
1408 700 10
1397 702 10
1385 705 10
1374 707 10
1362 710 10
1350 713 10
1339 716 10
1327 719 10
1315 723 10
1304 727 10
1292 730 10
1280 734 10
1269 737 10
1257 740 10
1246 742 10
1234 744 10
1222 746 10
1211 748 10
1199 750 10
1188 753 10
1176 756 10
1165 759 10
1153 762 10
1141 765 10
1130 768 10
1118 771 10
1106 774 10
1095 777 10
1083 781 10
1071 784 10
1060 788 10
1048 792 10
1036 795 10
1025 798 10
1013 801 10
1001 804 10
990 807 10
978 810 10
967 812 10
955 814 10
944 817 10
932 820 10
920 823 10
909 826 10
897 829 10
885 834 10
873 839 10
862 844 10
850 849 10
838 856 10
826 863 10
814 871 10
801 878 10
790 886 10
783 895 10
776 907 10
770 917 10
765 930 10
948 965 15
953 981 15
959 992 15
968 1004 15
978 1015 15
988 1024 15
999 1032 15
1010 1040 15
1020 1047 15
1031 1053 15
1042 1059 15
1052 1065 15
1063 1071 15
1074 1077 15
1085 1084 15
1096 1089 15
1106 1095 15
1117 1100 15
1128 1104 15
1139 1108 15
1150 1112 15
1161 1116 15
1172 1120 15
1183 1123 15
1194 1127 15
1205 1129 15
1216 1132 15
1227 1134 15
1238 1136 15
1250 1138 15
1261 1140 15
1272 1142 15
1283 1144 15
1294 1146 15
1305 1149 15
1316 1151 15
1327 1154 15
1338 1156 15
1350 1158 15
1361 1160 15
1372 1162 15
1383 1163 15
1394 1165 15
1406 1167 15
1417 1168 15
1428 1169 15
1439 1170 15
1450 1170 15
1462 1170 15
1473 1169 15
1485 1169 15
1496 1169 15
1507 1169 15
1519 1169 15
1530 1168 15
1541 1168 15
1553 1168 15
1564 1166 15
1576 1165 15
1587 1164 15
1599 1163 15
1610 1162 15
1621 1161 15
1633 1160 15
1644 1160 15
1656 1158 15
1667 1157 15
1679 1156 15
1690 1154 15
1702 1151 15
1713 1149 15
1725 1146 15
1737 1144 15
1748 1140 15
1760 1137 15
1772 1134 15
1783 1131 15
1795 1128 15
1806 1125 15
1818 1121 15
1830 1117 15
1842 1113 15
1853 1108 15
1865 1103 15
1877 1097 15
1889 1092 15
1901 1086 15
1913 1080 15
1925 1074 15
1937 1067 15
1949 1060 15
1961 1053 15
1973 1047 15
1983 1039 15
1995 1030 15
2003 1020 15
2014 1011 15
2023 1000 15
2032 988 15
2037 973 15
2040 964 15
2039 953 15
2037 940 15
2032 927 15
2023 913 15
2013 905 15
2003 894 15
1992 885 15
1982 877 15
1971 868 15
1961 861 15
1950 856 15
1939 851 15
1928 846 15
1917 841 15
1907 836 15
1896 831 15
1885 827 15
1874 823 15
1863 820 15
1852 816 15
1841 812 15
1830 809 15
1819 807 15
1807 805 15
1796 803 15
1785 802 15
1774 800 15
1763 799 15
1751 798 15
1740 797 15
1729 797 15
1718 796 15
1706 795 15
1695 794 15
1684 793 15
1673 792 15
1661 791 15
1650 791 15
1639 791 15
1627 790 15
1616 789 15
1605 790 15
1593 790 15
1582 790 15
1571 789 15
1559 790 15
1548 791 15
1536 793 15
1525 794 15
1514 794 15
1502 794 15
1491 795 15
1479 796 15
1468 797 15
1457 797 15
1445 798 15
1434 799 15
1422 800 15
1411 801 15
1399 802 15
1388 803 15
1377 804 15
1365 805 15
1354 806 15
1342 807 15
1331 809 15
1319 810 15
1308 812 15
1296 814 15
1285 815 15
1273 818 15
1262 820 15
1250 822 15
1239 824 15
1227 826 15
1216 827 15
1204 829 15
1193 832 15
1181 835 15
1169 836 15
1158 839 15
1146 841 15
1135 843 15
1123 846 15
1111 852 15
1099 857 15
1088 861 15
1076 865 15
1064 869 15
1052 873 15
1041 878 15
1029 883 15
1017 889 15
1005 893 15
993 899 15
981 907 15
970 914 15
960 921 15
953 934 15
949 948 15
1102 971 20
1107 987 20
1114 998 20
1125 1008 20
1136 1014 20
1146 1020 20
1157 1026 20
1168 1031 20
1179 1036 20
1190 1041 20
1201 1046 20
1212 1050 20
1223 1054 20
1234 1057 20
1245 1060 20
1256 1062 20
1267 1065 20
1278 1068 20
1289 1071 20
1300 1073 20
1311 1075 20
1322 1078 20
1333 1080 20
1345 1083 20
1356 1085 20
1367 1087 20
1378 1089 20
1389 1091 20
1400 1093 20
1411 1094 20
1423 1096 20
1434 1097 20
1445 1098 20
1456 1099 20
1468 1101 20
1479 1102 20
1490 1104 20
1501 1106 20
1512 1108 20
1523 1109 20
1535 1110 20
1546 1110 20
1557 1110 20
1569 1110 20
1580 1110 20
1591 1110 20
1603 1109 20
1614 1109 20
1625 1109 20
1637 1109 20
1648 1109 20
1659 1109 20
1671 1109 20
1682 1109 20
1694 1107 20
1705 1105 20
1717 1103 20
1728 1101 20
1740 1098 20
1752 1095 20
1763 1090 20
1775 1084 20
1787 1079 20
1799 1074 20
1811 1070 20
1822 1067 20
1834 1062 20
1846 1057 20
1858 1050 20
1870 1044 20
1882 1038 20
1894 1032 20
1906 1026 20
1918 1018 20
1930 1008 20
1935 997 20
1937 987 20
1936 977 20
1932 964 20
1923 955 20
1912 947 20
1902 940 20
1891 933 20
1880 926 20
1869 921 20
1858 916 20
1848 912 20
1837 908 20
1826 904 20
1815 900 20
1804 897 20
1793 894 20
1782 892 20
1770 889 20
1759 887 20
1748 885 20
1737 882 20
1726 880 20
1715 877 20
1704 875 20
1692 875 20
1681 874 20
1670 873 20
1659 871 20
1648 870 20
1636 869 20
1625 869 20
1614 869 20
1602 868 20
1591 868 20
1580 868 20
1568 868 20
1557 868 20
1546 868 20
1534 868 20
1523 868 20
1512 869 20
1500 869 20
1489 868 20
1478 867 20
1466 867 20
1455 869 20
1443 871 20
1432 872 20
1420 873 20
1409 874 20
1398 875 20
1386 878 20
1374 881 20
1363 882 20
1351 884 20
1340 887 20
1328 889 20
1317 892 20
1305 894 20
1293 897 20
1282 900 20
1270 903 20
1259 906 20
1247 911 20
1235 916 20
1223 920 20
1211 924 20
1200 927 20
1188 930 20
1177 933 20
1165 935 20
1154 937 20
1142 940 20
1130 944 20
1118 948 20
1107 954 20
1270 971 25
1275 986 25
1284 996 25
1293 1009 25
1303 1018 25
1314 1023 25
1325 1029 25
1336 1033 25
1347 1037 25
1358 1040 25
1369 1044 25
1380 1047 25
1391 1050 25
1402 1054 25
1413 1058 25
1424 1061 25
1435 1063 25
1446 1066 25
1457 1067 25
1469 1069 25
1480 1071 25
1491 1073 25
1502 1075 25
1513 1077 25
1524 1078 25
1536 1079 25
1547 1080 25
1558 1080 25
1569 1081 25
1581 1081 25
1592 1081 25
1603 1081 25
1615 1081 25
1626 1081 25
1638 1081 25
1649 1080 25
1660 1078 25
1672 1078 25
1683 1078 25
1695 1077 25
1706 1074 25
1718 1072 25
1729 1069 25
1741 1066 25
1753 1062 25
1764 1057 25
1776 1051 25
1789 1043 25
1800 1032 25
1808 1023 25
1818 1013 25
1827 1000 25
1834 989 25
1839 977 25
1836 966 25
1828 954 25
1817 947 25
1807 941 25
1796 937 25
1785 933 25
1774 930 25
1763 927 25
1752 925 25
1740 922 25
1729 920 25
1718 918 25
1707 917 25
1696 914 25
1685 913 25
1673 912 25
1662 911 25
1651 911 25
1640 910 25
1628 910 25
1617 910 25
1606 909 25
1594 907 25
1583 906 25
1572 906 25
1561 907 25
1549 906 25
1538 906 25
1527 906 25
1515 906 25
1504 906 25
1493 906 25
1481 906 25
1470 907 25
1458 907 25
1447 908 25
1436 909 25
1424 910 25
1413 912 25
1401 913 25
1390 914 25
1378 915 25
1367 917 25
1355 920 25
1344 922 25
1332 925 25
1320 928 25
1309 932 25
1297 938 25
1285 944 25
1276 955 25
1345 972 30
1355 964 30
1367 960 30
1378 958 30
1390 956 30
1401 954 30
1413 952 30
1424 950 30
1436 948 30
1447 947 30
1459 947 30
1470 946 30
1482 945 30
1493 944 30
1504 943 30
1516 944 30
1527 943 30
1538 943 30
1550 943 30
1561 944 30
1572 943 30
1584 943 30
1595 942 30
1607 943 30
1618 943 30
1629 943 30
1640 943 30
1652 943 30
1663 943 30
1674 944 30
1686 946 30
1697 948 30
1708 949 30
1719 950 30
1730 952 30
1741 954 30
1753 957 30
1763 961 30
1774 967 30
1785 976 30
1790 984 30
1783 991 30
1771 999 30
1759 1005 30
1747 1011 30
1736 1015 30
1724 1017 30
1712 1020 30
1701 1022 30
1689 1024 30
1678 1026 30
1666 1027 30
1655 1028 30
1643 1029 30
1632 1030 30
1621 1031 30
1609 1031 30
1598 1031 30
1587 1031 30
1575 1031 30
1564 1031 30
1553 1031 30
1541 1032 30
1530 1032 30
1518 1032 30
1507 1032 30
1496 1030 30
1485 1029 30
1474 1027 30
1462 1026 30
1451 1025 30
1440 1022 30
1429 1020 30
1418 1017 30
1407 1014 30
1396 1010 30
1385 1006 30
1374 1002 30
1363 997 30
1352 986 30