1.2366450348266282 8.70193509833324
1.2296844669432498 8.574667259896266
1.234656301145663 8.474042688338773
1.2445999695504895 8.355233350110508
1.2644873063601418 8.250756893752719
1.288352110531725 8.12329512290089
1.3092338141818598 7.998848568766602
1.3291211509915126 7.8874053683338765
1.3440366535987518 7.788341314509481
1.3639239904084042 7.6854130235016775
1.3877887945799874 7.562363523897307
1.4036986640277094 7.460204374611251
1.4275634681992926 7.349695014341762
1.4484451718494273 7.236163025924872
1.4683325086590802 7.137492189629526
1.4892142123092154 7.033016968510051
1.5180508506832113 6.906877314397267
1.5508649564191381 6.774859572907781
1.5826846953145817 6.670862389014722
1.6125157005290605 6.560979706315095
1.6423467057435392 6.457289685015409
1.6771495451604312 6.344703889144865
1.716924218779736 6.22631864940343
1.7566988923990412 6.1137390297244405
1.7964735660183464 6.006965030107898
1.8412200738400644 5.898339408262926
1.8909384158641955 5.783217668139573
1.9406567578883267 5.677384920116133
1.995346934114871 5.570629449074255
2.055008944543829 5.459235658173977
2.1196427891751997 5.350502041208086
2.194220302211396 5.2521479553082475
2.288685152057246 5.152989199879995
2.3980655045103347 5.053057297563351
2.5074458569634235 4.967058883396573
2.6168262094165122 4.889505007502445
2.726206561869601 4.817017854571903
2.8355869143226897 4.748330743864054
2.9449672667757785 4.681332540810736
3.054347619228867 4.613067657016517
3.163727971681956 4.54100273099961
3.2731083241350447 4.464715535846377
3.3824886765881335 4.381250483161395
3.486897194838809 4.29013694714811
3.581362044684658 4.195248547810234
3.6658832261256817 4.091690971507246
3.740460739161878 3.9803986466111
3.805094583793249 3.8714438631666397
3.859784760019793 3.7606631622148043
3.904531267841511 3.6536631139873172
3.944305941460817 3.5480502383832615
3.9840806150801216 3.4331483706792945
4.018883454497013 3.3252070708587027
4.048714459711492 3.2230652149090027
4.078545464925971 3.116278862909347
4.10837647014045 3.0079443455597072
4.138207475354928 2.9027061589100356
4.17301031477182 2.7924426110644696
4.2127849883911255 2.6740573713230376
4.25255966201043 2.566122247694004
4.297306169832148 2.456103277034046
4.347024511856279 2.351199428220596
4.401714688082824 2.2504818020436588
4.4663485327141945 2.1513689268955396
4.540926045750392 2.051521967265355
4.625447227191414 1.9537700110248117
4.724883911239677 1.8491343461735852
4.8342642636927655 1.7483579900296746
4.943644616145854 1.6568706259856754
5.053024968598943 1.5717166656461607
5.162405321052032 1.4920516551838716
5.2717856735051205 1.4178755945988044
5.381166025958209 1.347499576236423
5.490546378411298 1.2813458270103695
5.599926730864387 1.2177254392661077
5.7093070833174755 1.1574828668309038
5.818687435770564 1.0985069751366012
5.928067788223653 1.042908898751353
6.037448140676742 0.9873108223661085
6.1468284931298305 0.9334016536353893
6.256208845582919 0.8782258041637796
6.365589198036008 0.8272722238284906
6.474969550489097 0.7725186012705088
6.5843499029421855 0.7232539285897452
6.693730255395274 0.6820115672679989
6.803110607848363 0.6441470212553142
6.912490960301453 0.6121936520334827
7.021871312754541 0.5895292749115626
7.13125166520763 0.5740427553213934
7.240632017660719 0.5691119085720295
7.350012370113808 0.5751589615771131
7.459392722566896 0.5951395027320601
7.568773075019985 0.6341202550004681
7.678153427473074 0.6925234452959614
7.787533779926163 0.7716157543594413
7.896914132379251 0.8684415937954846
7.996350816427514 0.9697119204923084
8.090815666273363 1.0725758418592335
8.185280516119212 1.1743044419695003
8.284717200167474 1.2776389891329742
8.394097552620563 1.377842643878072
8.503477905073652 1.4598905413369785
8.61285825752674 1.5242049084233322
8.72223860997983 1.5631856606917367
8.831618962432918 1.5848551095012127
8.940999314886007 1.5947022047289856
9.050379667339095 1.6007492577340656
9.159760019792184 1.6063740838255178
9.269140372245273 1.6128433637442292
9.378520724698362 1.6286016357628554
9.48790107715145 1.6642045727221983
9.577394092794886 1.7350689112688862
9.632084269021432 1.8401356350767948
9.658932173714463 1.9639448062425267
9.66937302553953 2.0886624951861137
9.654954706352532 2.2518986203865623
9.637056103223845 2.4067703293629954
9.617168766414192 2.5344692659705643
9.594795512503334 2.6644873625073338
9.584851844098507 2.7782651633481485
9.57490817569368 2.9199099404886972
9.577394092794886 3.0731813982330287
9.59728142960454 3.200542703035545
9.637056103223845 3.3163948807468984
9.701689947855215 3.4321231228810305
9.796154797701064 3.5354749509037084
9.905535150154153 3.622167344412574
10.014915502607241 3.6928151152034054
10.12429585506033 3.755440574635223
10.233676207513419 3.8129993111034537
10.343056559966508 3.866758005348995
10.452436912419596 3.923050061076328
10.561817264872685 3.984831066680883
10.671197617325774 4.0525232490762875
10.780577969778863 4.135837827276092
10.875042819624712 4.231853462674405
10.939676664256083 4.331442081034941
10.985417538918282 4.444824605616182
11.011271076770832 4.576760409631026
11.024197845697106 4.694746667397958
11.031158413580485 4.801578723215126
11.019226011494693 4.947091443254017
11.009282343089867 5.060482202757333
10.989395006280214 5.179279188602488
10.973485136832494 5.292894761478436
10.944648498458497 5.433122720276085
10.9158118600845 5.559417190923867
10.894930156434365 5.665285760858334
10.874048452784232 5.775798826842754
10.850183648612648 5.895132729607159
10.830296311802995 6.012381550102328
10.810408974993342 6.122663626522563
10.800465306588515 6.259663907613156
10.790521638183689 6.426853413028464
10.805437140790929 6.605685039526442
10.820352643398168 6.710204729225122
10.85515548281506 6.826360363814915
10.904873824839191 6.938664113604412
10.9844231720778 7.042490011118325
11.088831690328478 7.133609611028772
11.198212042781567 7.2063685163877675
11.307592395234655 7.26603838742416
11.416972747687744 7.321063762410597
11.526353100140833 7.3684890529516505
11.635733452593922 7.413803208924541
11.74511380504701 7.457850684156535
11.854494157500099 7.50189815938853
11.963874509953188 7.550167903756849
12.073254862406277 7.6018154634342245
12.182635214859365 7.661063107556984
12.292015567312454 7.7342442398296125
12.391452251360716 7.825287292396233
12.466029764396913 7.9337515097685465
12.500832603813805 8.05300347505831
12.500832603813805 8.18304936445708
12.490888935408979 8.285215925173004
12.4610579301945 8.39200227717266
12.426255090777607 8.488719378205856
12.38150858295589 8.591307155185884
12.326818406729345 8.70224267267272
12.267156396300388 8.80821788484805
12.20749438587143 8.914193097023377
12.147832375442473 9.016297895823742
12.088170365013514 9.116854529274123
12.028508354584558 9.224377906799436
11.9688463441556 9.335771697699712
11.914156167929056 9.444384967161572
11.869409660107337 9.5469727441416
11.829634986488033 9.652585619745656
11.79085467970921 9.767488722687933
11.774944810261488 9.882033194773872
11.776933543942453 10.037781099459021
11.80974764967838 10.17971121664945
11.85946599170251 10.283887098351524
11.929071670536295 10.389442329501058
12.013592851977318 10.496951295912742
12.103085867620754 10.599757435576443
12.197550717466603 10.700608741988384
12.292015567312454 10.801253626353661
12.38150858295589 10.903543710900701
12.4610579301945 11.004420722033688
12.52569177482587 11.107564591537226
12.575410116850001 11.218707217314233
12.596954731727125 11.329040761997431
12.580381951052415 11.442810327916172
12.545579111635522 11.569329611936585
12.500832603813805 11.678187458584054
12.44614242758726 11.782465865065953
12.38150858295589 11.883458655281917
12.311902904122105 11.980243106213505
12.237325391085909 12.074616195499097
12.152804209644886 12.175335468660446
12.058339359799037 12.280493364819892
11.958902675750775 12.384406552507793
11.85946599170251 12.487855290590698
11.760029307654248 12.591304028673605
11.660592623605986 12.696610565176492
11.566127773760137 12.800581534567613
11.4766347581167 12.903165331335305
11.392113576675678 13.006529386969547
11.31753606363948 13.106293409170267
11.247930384805697 13.211039853330352
11.183296540174327 13.320547552971234
11.133578198150195 13.424212869504696
11.098775358733302 13.528670797287816
11.102752826095236 13.68751750314956
11.118662695542955 13.807365265051407
11.148493700757435 13.920418392749673
11.178324705971914 14.021086197648057
11.214121912229286 14.130740773006224
11.23798671640087 14.24409612234462
11.25290221900811 14.33700457191841
11.247930384805697 14.44227363952586
11.208155711186391 14.54223571160247
11.128606363947782 14.629031191363119
11.019226011494693 14.704051705775452
10.909845659041604 14.755849739938007
10.800465306588515 14.795825420518856
10.691084954135427 14.826089882086158
10.581704601682338 14.8542432090853
10.47232424922925 14.878174266948118
10.36294389677616 14.902105324810936
10.253563544323072 14.925614155760123
10.144183191869983 14.95123412127747
10.034802839416894 14.980654129017509
9.925422486963805 15.014718632807503
9.816042134510717 15.057649901783778
9.706661782057628 15.110292389773598
9.59728142960454 15.18151286196324
9.50281657975869 15.283468870694307
9.43818273512732 15.39462426060053
9.393436227305601 15.50859105290295
9.358633387888709 15.622725014123482
9.326813648993266 15.72981852871651
9.298971377459752 15.853327536972632
9.26416853804286 15.96242996080571
9.219422030221143 16.07337783067566
9.154788185589771 16.174779778876974
9.060323335743922 16.252035513160546
8.950942983290833 16.292855647568658
8.841562630837744 16.304964351849772
8.732182278384656 16.301028433412853
8.622801925931567 16.28738129596239
8.513421573478478 16.26571184715291
8.40404122102539 16.239820129207107
8.2946608685723 16.21435063817494
8.185280516119212 16.18888114714277
8.075900163666123 16.165945017592392
7.966519811213034 16.148920064832872
7.857139458759946 16.140761877259628
7.747759106306857 16.14231490869993
7.638378753853768 16.156956974462837
7.528998401400679 16.18004357849839
7.419618048947591 16.21706367068381
7.310237696494502 16.26083939348735
7.200857344041413 16.310526293081743
7.0914769915883245 16.36443546181246
6.982096639135236 16.41918908437044
6.872716286682147 16.475420501126134
6.763335934229058 16.526669640300966
6.6539555817759695 16.537849445372085
6.544575229322881 16.541935838294183
6.435194876869792 16.548977819611707
6.325814524416703 16.556442027842863
6.2164341719636145 16.565172916814912
6.107053819510526 16.574326032700597
5.997673467057437 16.58305692167265
5.888293114604348 16.590098902990174
5.7789127621512595 16.596718657394064
5.669532409698171 16.600382823402526
5.560152057245082 16.604046989410993
5.450771704791993 16.601799978628602
5.3413913523389045 16.597864060191682
5.232010999885816 16.587594738050278
5.122630647432727 16.573103146772553
5.013250294979638 16.55270037870397
4.9038699425265495 16.52385307236274
4.794489590073461 16.484450093180705
4.685109237620372 16.432802533503327
4.575728885167283 16.36553257802155
4.4663485327141945 16.284329134389907
4.361940014463519 16.189493937639494
4.26747516461767 16.092719466649182
4.182953983176646 15.98979048939787
4.10837647014045 15.887353058566571
4.043742625509079 15.787194936523722
3.9840806150801216 15.67952333040107
3.929390438853577 15.56984528551499
3.8846439310318592 15.464591864259482
3.8448692574125536 15.356557921565557
3.810066417995662 15.247369031050699
3.7802354127811837 15.1482493915023
3.7504044075667045 15.041388925203975
3.7230593194534327 14.922146224201544
3.69571423134016 14.796710861799173
3.6658832261256817 14.68752814747587
3.6310803867087893 14.564405768811142
3.601249381494311 14.463737963912756
3.5714183762798317 14.364618324364358
3.53661553686294 14.2554294338495
3.4968408632436354 14.15203998720553
3.4520943554219174 14.051431061999978
3.397404179195373 13.943301182463884
3.3327703345640023 13.834849317474685
3.2432773189205655 13.728759190704954
3.1338969664674767 13.642911251023355
3.024516614014388 13.578596883937006
2.9151362615612992 13.5252604166051
2.8057559091082105 13.475301764582252
2.6963755566551217 13.427876474041199
2.586995204202033 13.372851099054763
2.4776148517489442 13.30769227814115
2.3732063334982687 13.219654934700218
2.2986288204620715 13.115525580307864
2.2588541468427668 12.997505971106532
2.243938644235527 12.899953025482787
2.231509058729495 12.759441579492727
2.238966810033114 12.62282525164385
2.2538823126403535 12.506344337632118
2.268797815247593 12.39683016769532
2.2926626194191755 12.28136667830588
2.314538689909794 12.16342365387984
2.3433753282837904 12.041618862747017
2.372211966657786 11.908048014954302
2.3881218361055083 11.802482901898278
2.4080091729151603 11.682137750703138
2.4199415750009523 11.508680646097012
2.4080091729151603 11.427851591968041
2.4080091729151603 11.318705934794073
2.384144368743578 11.20488613585068
2.3483471624862027 11.093373762072531
2.313544323069311 10.991151615632607
2.268797815247593 10.879628124709658
2.219079473223462 10.772742953645109
2.1643892969969176 10.661981193014041
2.10472728656796 10.556631834916367
2.0450652761390025 10.45360472484367
1.980431431507632 10.3478068575973
1.910825752673848 10.238242984023698
1.8412200738400644 10.129342609885802
1.7716143950062804 10.021769234619322
1.70698055037491 9.91829361539793
1.6473185399459525 9.820685084050183
1.5876565295169949 9.719980222002464
1.5279945190880373 9.610760450529826
1.473304342861493 9.506655800903696
1.4235860008373618 9.398841730629158
1.3788394930156438 9.29242718536116
1.3390648193963386 9.185554366679721
1.304261979979447 9.073269145464893
1.2769168918661749 8.960219105862404
1.2585211053172463 8.854301744014647